193 178 117
208 202 191
218 181 169
194 196 161
202 222 157
140 138 128
247 197 166
229 207 197
252 242 115
241 211 219
218 189 176
139 112 88
212 158 104
174 61 23
98 111 118
130 149 160
120 103 115
116 179 172
224 200 191
129 124 106
58 169 223
25 30 64
110 149 146
100 85 75
171 141 120
164 66 86
97 97 97
204 171 135
196 219 210
227 221 214
234 130 105
6 66 107
248 228 161
247 217 237
222 155 153
139 117 122
146 188 197
218 218 204
224 194 226
217 174 132
146 120 122
187 154 121
145 94 135
169 46 51
240 182 205
232 224 237
138 49 93
189 154 84
226 208 174
93 81 18
17 121 149
46 86 127
170 164 34
229 134 145
204 243 214
249 219 205
103 91 96
229 208 215
156 157 155
194 54 113
84 107 128
165 134 96
99 99 99
232 202 244
48 66 91
90 101 138
125 0 91
63 143 128
233 168 171
230 122 147
242 207 215
209 193 179
48 41 49
129 155 180
238 193 213
220 142 153
199 209 215
206 217 223
95 68 74
148 87 83
86 39 48
197 182 195
238 221 189
222 60 77
90 89 89
143 142 153
118 18 38
102 90 129
80 24 45
178 144 120
164 99 119
118 112 110
57 129 160
100 159 187
97 95 101
126 166 115
97 72 33
129 119 86
132 79 82
163 162 160
209 120 116
115 88 77
160 126 134
75 25 40
209 155 135
123 113 92
174 134 126
156 189 179
113 49 49
104 106 89
124 130 172
95 102 111
111 111 111
148 137 155
131 128 122
157 170 196
163 182 151
166 168 145
195 87 61
236 148 141
185 105 83
127 99 82
183 149 98
193 153 78
48 167 144
141 138 143
109 111 98
90 67 37
178 130 100
126 122 112
84 90 140
116 92 96
96 97 89
113 86 97
124 96 80
140 112 89
232 196 144
131 130 131
137 136 136
104 103 65
84 68 61
74 121 204
71 57 42
157 21 10
244 220 8
155 198 17
116 122 136
117 81 81
95 107 115
84 82 118
122 81 35
46 46 46
135 254 135
78 65 62
127 201 254
96 98 103
154 101 88
56 120 88
153 115 50
75 75 75
149 156 157
111 66 78
126 128 127
173 165 145
143 115 200
203 213 208
95 95 96
85 109 85
229 225 238
231 228 221
163 118 29
97 48 143
68 70 63
179 139 88
79 79 79
121 141 51
60 36 9
73 21 2
190 181 170
98 102 94
79 63 45
145 191 157
211 212 176
59 103 87
193 147 85
123 145 108
165 120 67
175 172 173
181 184 197
197 66 45
114 65 146
143 143 128
175 119 67
102 99 101
178 176 190
145 115 71
105 68 42
163 156 145
204 199 197
110 109 111
94 54 31
105 155 190
91 104 89
129 100 39
110 118 82
164 118 119
174 110 46
63 92 41
131 46 95
97 91 98
130 111 47
107 150 94
95 116 106
106 117 118
112 82 58
69 46 64
112 117 106
112 78 55
97 119 116
133 132 136
125 126 135
136 131 55
137 79 42
202 163 147
170 131 97
187 106 135
223 223 223
163 60 11
120 114 45
169 139 74
146 122 115
124 111 98
127 127 127
121 134 113
134 142 64
104 57 54
129 95 69
152 122 40
142 129 133
141 90 65
85 64 46
89 92 87
120 116 109
144 129 97
177 175 173
175 174 175
120 114 105
197 197 197
158 100 83
174 140 140
166 155 140
110 100 94
123 132 143
172 154 125
180 206 186
117 117 117
145 134 65
118 117 118
134 95 111
130 90 53
132 168 196
104 88 71
74 55 41
169 130 100
111 107 104
49 62 81
56 70 89
152 112 67
140 111 77
133 124 107
179 168 141
75 51 48
102 95 67
147 91 58
149 115 110
89 83 74
123 97 59
184 118 69
53 44 41
110 81 59
141 133 118
117 95 86
130 102 81
142 81 27
185 158 105
145 119 91
208 179 136
103 81 68
112 107 102
96 115 110
141 143 142
127 102 82
37 133 118
56 52 53
102 81 66
86 98 71
189 138 112
102 96 90
162 135 105
154 126 113
63 99 97
71 69 69
120 105 78
154 126 94
108 92 87
133 120 91
117 117 117
109 73 54
153 99 70
90 82 71
148 142 140
13 50 81
44 45 47
114 85 72
205 182 134
34 39 46
74 59 52
134 98 74
194 82 62
156 151 126
105 93 86
169 148 124
111 99 77
164 140 111
123 90 56
89 64 52
151 127 101
101 92 90
186 169 152
123 121 121
158 115 107
139 125 115
111 125 102
103 65 64
172 168 153
130 96 91
166 164 156
135 105 82
109 110 112
156 118 102
148 123 89
96 84 82
208 187 166
150 125 85
177 152 131
118 63 32
159 140 110
132 93 60
152 154 150
69 52 48
121 116 120
194 159 111
112 100 82
150 150 150
174 147 84
92 89 88
133 120 110
108 83 74
132 131 131
158 145 112
82 119 173
74 130 205
144 142 135
222 190 112
208 203 186
120 119 117
153 95 107
127 129 126
118 113 113
133 132 132
184 107 53
122 131 140
99 98 107
197 218 183
157 131 45
97 88 86
159 125 61
216 188 94
178 76 32
146 77 9
90 92 92
138 67 29
86 129 148
243 198 97
24 24 24
67 98 155
116 132 82
138 164 170
186 175 140
130 162 145
176 140 122
198 158 156
139 145 145
154 54 10
103 123 126
101 135 116
108 107 109
213 35 25
221 194 103
77 192 241
133 133 135
123 114 105
72 114 81
22 27 38
10 91 206
29 119 206
105 105 105
19 69 79
72 118 119
111 152 137
209 190 141
107 107 110
166 60 46
116 106 112
178 140 41
65 25 52
169 189 173
127 123 11
131 111 79
199 117 107
158 139 53
78 118 136
147 179 224
98 70 72
10 125 190
107 105 108
200 157 79
152 133 117
63 179 242
187 167 125
97 129 143
126 175 214
55 91 82
178 106 50
155 146 138
164 103 69
226 191 103
62 122 57
176 143 85
183 183 158
183 107 53
131 122 123
66 66 58
85 55 110
32 32 25
181 157 137
114 184 206
76 151 220
201 184 109
222 181 89
145 159 189
182 147 76
171 187 184
162 81 18
169 147 112
116 92 60
151 181 215
123 126 129
26 36 28
166 71 52
187 72 61
184 130 21
160 105 72
114 90 59
149 178 212
196 186 179
203 189 154
160 204 114
103 53 45
137 172 154
140 120 33
60 125 197
205 158 66
207 136 47
122 129 137
137 136 82
163 77 57
17 131 178
142 167 208
174 170 147
82 70 79
143 149 82
72 122 19
20 69 123
170 134 63
129 124 125
119 119 117
92 92 92
87 85 86
148 142 53
84 113 81
209 211 210
152 160 157
77 103 64
91 117 98
92 92 92
123 147 141
132 139 139
138 136 140
173 139 95
171 142 104
123 142 37
116 119 132
102 82 59
104 77 85
136 165 124
100 72 68
207 90 98
136 104 49
96 110 48
126 68 50
101 87 48
104 69 30
154 147 134
150 150 149
92 85 70
160 134 131
67 75 80
199 79 121
89 87 66
78 101 37
8 76 146
72 60 50
230 66 127
172 99 121
119 119 119
4 155 209
87 91 60
52 81 40
121 128 86
119 97 66
149 131 117
158 106 85
35 205 132
78 72 70
138 115 106
168 165 159
91 92 96
137 140 115
160 162 95
169 70 32
249 19 163
161 76 52
128 123 51
170 156 147
98 128 172
191 102 95
58 51 60
138 116 76
144 132 116
214 138 125
227 179 127
150 62 23
113 113 113
151 150 100
110 83 85
234 193 57
45 70 41
213 104 49
158 45 84
152 100 65
139 143 154
137 121 110
156 123 106
164 84 29
117 128 138
26 132 86
176 135 51
169 148 77
184 145 76
37 38 47
166 101 70
230 61 65
110 108 112
97 101 98
195 167 131
160 105 53
39 39 39
105 100 89
64 75 77
95 85 68
185 94 39
162 162 162
194 159 119
108 115 135
105 136 91
134 118 96
135 137 139
231 209 127
156 134 92
160 121 45
148 123 75
105 146 77
190 126 72
136 136 134
59 91 148
176 147 92
124 93 28
146 67 51
133 100 49
100 100 100
192 129 167
152 229 242
118 67 63
156 110 51
177 141 123
207 206 201
212 214 213
244 185 122
220 208 150
247 203 198
67 76 97
142 132 146
186 134 133
127 12 91
129 93 63
147 119 94
72 72 72
125 125 125
132 25 25
23 78 120
100 123 111
189 218 138
158 155 154
127 127 127
67 97 113
241 142 141
116 75 12
134 134 134
225 161 173
143 132 147
122 106 96
114 116 116
114 114 116
81 85 94
125 121 124
128 128 128
125 125 127
96 96 96
137 132 134
102 103 102
97 95 99
101 96 80
109 110 111
95 94 97
107 104 99
146 146 146
118 118 117
33 82 48
105 105 105
103 103 103
121 121 121
121 124 130
177 113 105
101 92 70
135 135 143
152 141 121
199 160 128
166 110 69
104 72 46
127 129 134
84 78 64
138 42 52
178 113 105
141 26 17
136 122 108
128 124 119
61 41 39
101 102 103
130 130 130
127 127 128
136 131 131
156 154 155
125 117 113
65 89 106
98 53 46
148 128 79
102 92 84
144 132 148
157 155 151
35 7 22
128 124 119
114 115 115
158 133 97
105 83 180
108 109 110
106 99 96
99 101 100
118 66 63
173 190 164
129 125 77
186 133 125
116 116 116
109 109 115
113 114 121
184 70 3
132 132 132
135 66 37
71 26 26
73 29 25
129 129 129
81 81 81
101 23 20
111 95 94
117 118 117
108 106 106
119 120 120
172 175 150
118 115 138
78 50 26
120 122 126
123 123 123
143 152 157
106 106 107
75 86 97
137 142 117
129 125 123
160 137 105
141 137 139
193 111 83
76 73 65
149 149 149
78 74 66
55 32 20
30 15 7
39 39 39
89 115 66
135 135 132
40 48 30
41 51 31
80 79 74
75 95 75
228 228 228
88 84 77
48 48 48
158 136 101
107 118 84
89 98 85
222 222 222
78 78 57
119 115 116
148 134 87
97 101 89
157 153 155
98 99 101
102 100 98
127 129 131
171 169 169
17 24 14
33 9 4
189 122 103
62 69 51
68 79 70
14 4 16
147 135 127
90 83 55
26 1 1
80 79 80
157 153 155
60 75 58
62 42 24
90 90 90
100 110 88
93 124 82
36 40 32
85 112 140
14 14 14
52 65 44
125 106 118
55 56 56
107 69 56
80 89 78
113 109 88
235 235 235
105 102 98
27 23 20
21 21 21
87 87 87
111 127 85
91 91 91
44 53 32
53 53 53
132 133 131
103 76 217
129 119 127
115 138 163
122 104 115
99 162 35
28 28 28
133 127 98
17 17 17
133 135 133
145 141 144
51 79 67
135 122 114
111 103 85
150 135 115
126 128 118
168 168 165
84 84 84
100 114 129
55 88 35
137 148 155
17 12 13
73 40 96
43 47 53
104 106 103
163 88 55
74 86 76
119 120 92
162 98 57
200 193 195
67 77 71
125 127 135
120 130 111
67 98 55
96 78 63
136 136 140
46 50 41
84 89 78
63 65 80
82 82 82
58 57 56
78 65 52
143 125 129
115 129 132
55 50 46
61 43 44
123 137 71
95 104 85
126 127 135
110 127 107
100 105 77
86 111 82
45 48 55
125 154 55
155 164 161
60 56 57
87 63 27
147 123 90
161 133 106
151 166 170
156 142 117
155 113 97
211 179 108
133 103 71
106 87 63
134 111 111
142 136 107
164 119 33
135 121 105
198 198 198
204 190 167
130 128 118
142 144 149
151 146 139
90 97 97
108 106 108
202 176 128
131 131 130
118 119 122
109 129 146
134 124 115
99 127 156
168 130 100
160 103 46
122 119 121
116 118 115
106 102 91
125 126 132
139 137 134
150 131 128
143 147 163
140 146 159
135 120 105
136 144 156
151 125 110
124 104 87
155 133 111
158 125 93
133 96 83
102 86 90
185 166 157
161 158 150
138 132 137
161 105 73
145 114 61
164 164 165
73 73 73
158 140 132
119 119 119
184 144 112
159 110 81
161 160 156
114 111 139
201 169 127
128 133 124
95 145 121
149 128 104
193 141 111
200 172 157
120 123 124
152 142 130
130 131 130
131 144 91
189 142 88
128 121 113
149 146 143
172 113 96
132 162 139
202 203 199
42 41 49
147 134 139
158 78 55
124 127 130
115 115 115
119 122 110
154 154 154
66 93 112
74 78 76
167 141 110
125 120 112
39 105 148
175 145 129
95 107 124
162 166 134
128 137 159
61 78 105
155 125 90
163 163 163
92 92 92
110 109 107
77 76 77
171 137 87
64 60 57
136 115 88
112 113 114
67 66 65
119 115 117
112 61 55
144 142 136
130 124 117
134 138 151
147 140 145
190 177 165
133 128 131
97 88 73
145 133 105
121 118 102
114 93 68
143 150 146
102 124 169
189 204 210
138 132 124
126 90 68
65 90 115
50 61 65
148 140 140
144 141 131
66 66 64
120 106 101
38 33 26
118 128 115
152 152 152
122 122 122
158 158 158
215 208 155
109 111 112
159 159 159
94 94 94
50 50 51
42 78 67
127 134 92
138 138 138
180 178 175
146 140 106
113 220 224
192 192 192
149 144 136
157 142 144
96 144 181
142 147 146
206 198 174
76 77 80
120 120 120
127 136 137
188 184 190
167 154 114
61 61 61
127 114 104
168 156 111
132 131 121
105 107 110
109 118 75
162 123 80
210 200 189
122 122 122
111 107 102
142 121 95
152 152 152
152 152 152
176 137 78
118 119 113
147 136 125
102 95 90
105 109 100
229 211 179
89 85 82
53 51 47
50 49 50
59 57 57
163 140 99
192 167 159
58 58 58
81 79 81
212 171 190
196 69 56
155 155 157
162 155 141
167 167 167
105 104 99
96 104 84
50 53 51
153 146 134
131 131 131
61 60 58
92 94 102
108 110 103
145 145 145
181 157 142
57 61 59
119 119 119
105 104 106
56 62 92
138 144 146
78 96 132
103 103 103
84 84 84
127 135 136
208 189 194
175 174 162
174 156 139
126 126 126
67 67 67
115 122 125
69 73 99
41 45 39
118 119 114
136 99 80
170 172 86
160 154 147
150 105 83
166 164 162
53 57 52
31 52 48
166 107 91
151 151 151
152 199 195
146 109 70
154 180 182
165 173 171
170 170 172
45 50 48
48 48 49
154 176 183
100 100 100
96 96 103
126 130 127
139 139 142
113 117 123
217 83 72
127 109 112
172 168 146
107 107 107
109 109 109
182 188 186
47 47 46
47 45 47
163 163 163
96 94 91
152 157 166
88 145 103
153 105 96
107 102 97
104 153 157
63 54 101
106 94 96
137 136 135
99 133 154
161 158 151
213 191 182
138 129 120
164 154 155
121 83 113
120 128 134
151 153 154
104 83 143
138 137 133
94 133 173
90 116 116
139 140 133
163 165 162
116 116 104
134 99 133
187 185 185
91 116 115
179 141 165
90 103 103
137 130 116
152 147 144
12 95 74
161 39 60
180 132 58
119 135 173
181 179 188
127 126 126
96 84 71
141 132 123
134 130 96
142 137 137
185 180 183
145 107 113
190 195 196
86 68 65
141 150 161
102 150 123
112 179 185
99 118 155
198 157 156
149 133 110
136 114 151
138 137 137
228 198 191
72 54 70
75 46 58
146 150 130
88 67 88
183 182 177
48 56 89
121 145 173
172 100 74
182 175 167
148 130 140
77 107 81
187 189 187
194 122 103
138 139 105
158 156 152
135 118 89
54 67 82
126 176 190
67 36 60
149 117 150
155 147 122
117 94 100
173 164 174
111 74 62
135 100 105
105 89 145
120 115 122
135 97 135
192 135 121
156 158 154
206 207 189
79 152 174
158 151 150
62 94 83
145 154 166
104 91 122
130 138 126
140 139 139
168 158 143
172 104 170
160 132 111
83 111 92
174 136 85
14 75 87
97 91 82
120 104 80
89 64 96
194 119 81
146 143 135
128 173 193
82 65 62
127 121 116
66 78 86
142 76 68
68 58 78
139 118 80
102 112 108
138 157 137
189 157 139
139 132 130
95 132 131
84 64 81
136 98 105
144 172 206
178 174 177
213 192 184
168 166 167
137 110 89
173 174 172
214 185 130
254 90 206
231 178 166
221 216 212
212 188 103
12 31 21
239 137 195
186 156 128
183 129 117
187 114 95
181 134 121
0 128 74
199 192 182
113 188 230
106 76 39
83 34 48
223 218 205
221 214 196
81 184 179
170 135 121
157 156 158
56 82 103
117 128 164
145 108 126
252 226 249
167 154 169
215 209 209
181 187 187
85 137 32
127 117 126
199 201 210
171 157 145
63 56 51
158 122 95
186 150 164
176 182 153
215 176 186
150 137 150
49 101 113
108 28 27
121 95 178
149 133 143
99 103 106
194 200 199
135 121 151
165 152 116
246 246 246
178 83 127
212 188 103
125 126 126
66 94 129
99 103 106
187 178 62
231 228 213
23 23 23
148 157 147
152 148 145
178 83 127
238 224 229
217 176 165
66 94 129
115 66 38
90 76 72
47 44 44
231 228 213
175 164 110
127 90 81
176 91 106
168 153 42
143 113 59
57 1 41
61 56 31
141 119 123
220 219 213
162 75 102
204 193 186
148 148 146
203 201 198
201 193 178
68 56 43
79 78 98
149 118 87
149 177 85
205 126 93
90 76 72
180 167 116
139 105 84
102 114 110
47 37 32
141 124 123
56 47 41
36 28 26
248 222 223
127 90 81
68 61 57
157 169 170
143 113 59
57 1 41
196 195 200
61 56 31
216 216 215
141 171 212
145 135 123
203 54 55
152 97 123
195 169 165
148 148 146
227 198 198
201 193 178
68 56 43
96 88 93
121 101 71
137 110 89
194 187 198
168 189 201
139 105 84
102 114 110
47 37 32
145 183 164
170 73 26
125 158 183
128 71 34
178 180 188
147 136 131
74 90 86
204 179 151
124 115 107
141 127 107
127 96 81
205 157 86
159 138 95
136 134 131
208 179 94
151 96 47
155 127 94
188 53 46
132 117 122
170 141 108
134 139 147
110 110 110
134 103 81
109 104 103
136 102 56
175 156 99
180 161 157
121 98 74
134 112 79
119 95 86
139 140 134
106 104 104
153 61 21
113 102 88
141 128 115
134 90 31
123 97 61
96 99 98
177 171 158
137 142 96
191 193 197
101 107 115
110 79 49
133 125 47
165 148 134
155 135 112
172 166 154
185 153 114
181 157 129
57 82 59
77 72 65
127 121 107
110 96 71
73 106 32
40 69 51
121 99 83
147 152 133
182 158 130
168 70 87
130 113 91
108 112 121
74 57 36
180 145 92
211 180 124
112 88 56
131 130 126
152 112 62
157 121 90
151 128 119
210 192 146
167 151 104
171 117 90
126 89 40
193 132 105
183 190 145
146 99 55
129 120 101
91 69 34
129 120 122
177 148 95
164 132 97
119 110 72
160 131 103
123 84 61
116 91 61
45 36 27
152 106 46
190 160 91
163 130 81
154 141 123
121 114 89
72 63 61
152 130 94
178 123 147
147 144 140
123 105 100
183 149 151
136 115 82
156 129 85
198 165 148
168 180 191
140 117 83
187 182 181
174 145 91
167 145 109
132 128 80
107 95 79
183 141 88
133 114 113
171 122 76
146 125 103
154 135 120
129 97 61
106 90 60
137 143 153
207 124 117
109 109 109
121 113 94
116 102 91
122 122 92
174 157 124
159 159 159
133 135 132
119 115 102
36 35 49
122 120 126
133 125 118
30 30 30
131 132 137
119 144 155
190 188 194
104 107 101
116 116 116
167 160 166
18 7 10
173 155 115
70 70 70
73 88 109
146 123 111
99 101 94
114 114 114
132 25 29
53 132 25
165 116 71
22 22 22
36 36 36
170 134 85
203 201 186
122 62 43
235 233 227
156 144 136
140 117 112
153 142 133
137 118 112
166 141 130
68 70 69
175 159 126
124 123 121
209 163 78
141 72 16
244 242 240
98 100 93
73 88 109
115 62 65
154 142 136
190 169 120
158 156 153
160 131 84
207 71 12
87 107 160
74 71 74
131 115 86
70 9 17
107 107 106
25 27 28
66 55 52
97 111 126
31 30 35
56 54 56
42 42 42
128 128 128
69 68 79
57 53 56
56 54 56
23 23 23
215 197 174
46 46 46
184 183 184
118 118 121
162 149 117
27 26 31
99 83 77
123 120 122
46 46 46
132 130 130
18 18 23
107 103 97
46 46 46
46 45 45
64 65 78
31 33 49
36 30 40
33 49 47
88 100 112
47 74 121
141 126 113
61 59 70
101 96 82
68 71 84
33 31 33
36 34 46
88 91 140
118 117 115
96 94 97
143 130 99
190 56 81
150 150 146
129 113 82
37 36 39
70 67 70
61 40 40
19 23 47
55 53 64
75 77 89
165 142 130
110 93 90
55 46 41
101 101 106
44 42 54
84 85 107
57 58 61
31 30 40
37 36 39
25 23 28
33 43 76
86 82 79
51 46 53
37 31 31
30 25 31
184 168 141
195 146 129
111 125 130
131 99 82
158 111 82
125 125 125
71 56 37
70 69 68
105 68 47
134 121 127
67 65 59
238 163 135
145 117 122
112 112 112
168 168 168
143 117 95
180 135 109
95 95 93
222 161 138
126 87 86
38 38 38
131 175 44
109 91 73
125 111 107
131 101 82
189 161 141
143 140 134
190 152 121
107 90 74
133 100 58
171 137 109
133 80 61
177 154 145
185 103 65
165 85 48
118 122 115
170 141 124
111 98 94
170 133 109
143 129 122
69 69 69
139 102 98
122 110 99
117 112 107
144 107 78
127 110 94
179 145 122
130 111 129
138 111 97
196 146 167
153 100 90
174 147 138
208 44 22
107 94 106
165 125 114
171 117 107
154 115 135
135 151 145
148 112 107
175 162 143
157 127 123
166 131 109
137 97 72
102 84 77
192 138 125
180 160 135
114 104 98
202 191 173
77 74 99
103 81 53
200 189 169
180 150 121
181 132 140
130 113 98
194 171 153
153 120 41
189 156 130
163 118 81
199 133 119
191 149 131
224 150 75
84 84 84
164 131 101
159 119 121
173 112 40
137 129 117
163 139 117
165 160 156
186 157 135
180 134 107
164 64 24
171 126 99
144 105 50
133 121 113
197 153 129
151 89 59
193 189 194
160 110 94
140 96 75
173 141 120
163 85 109
194 140 114
169 164 169
171 120 95
126 96 68
108 85 56
172 124 103
175 157 143
94 61 50
103 71 47
153 115 94
165 107 113
184 167 142
139 139 139
92 59 49
130 125 119
101 88 78
184 149 127
126 106 86
188 174 162
145 90 68
176 84 76
167 104 145
81 81 116
178 103 172
225 194 198
129 165 80
197 143 127
182 124 161
119 119 115
166 75 126
87 133 62
178 104 131
130 177 27
76 76 68
157 129 74
115 119 71
120 102 115
114 95 62
210 139 147
124 122 122
151 158 181
107 112 60
59 107 55
195 104 143
101 129 56
116 123 88
89 90 102
135 96 113
94 43 21
157 144 53
113 102 100
132 70 75
157 120 63
123 130 76
99 128 58
84 134 45
119 81 91
144 114 67
102 95 132
69 97 27
180 121 83
166 124 134
175 152 174
54 57 73
141 143 103
241 77 159
47 166 51
129 111 172
211 154 191
126 109 112
165 25 129
89 82 106
197 106 119
215 189 181
39 39 37
168 20 85
235 219 205
157 135 124
139 77 92
123 156 48
103 128 58
170 155 138
122 167 46
106 118 138
176 115 169
118 129 129
149 143 135
122 129 75
170 136 156
183 146 138
172 161 145
184 184 182
217 190 209
200 106 118
31 29 31
217 198 112
89 81 106
128 197 201
129 164 76
115 80 96
64 84 43
96 91 39
90 146 37
93 141 40
147 64 89
206 153 167
97 122 69
99 91 89
123 129 120
169 148 148
200 98 90
116 140 158
196 159 155
84 138 48
139 132 129
210 153 175
157 126 159
212 163 110
163 77 100
186 70 121
160 145 158
101 103 98
65 71 85
44 64 37
214 121 179
227 165 151
71 82 88
134 130 121
178 179 167
38 40 50
169 140 33
115 92 76
198 125 147
172 150 180
127 172 39
125 94 90
136 64 86
138 125 123
194 84 71
217 199 184
204 181 173
113 115 107
142 133 140
108 111 103
187 200 193
174 182 194
152 173 183
107 98 101
189 185 179
178 186 198
106 106 106
120 124 119
173 171 165
147 178 177
165 165 159
166 158 147
137 135 136
136 142 110
193 172 199
202 202 196
95 66 63
194 161 189
124 122 121
136 133 130
40 41 42
203 202 199
131 130 126
203 197 192
128 56 73
147 118 102
234 210 206
162 159 161
177 67 73
177 135 104
168 169 176
120 101 79
153 152 160
99 99 102
160 158 160
185 168 163
131 80 79
210 209 200
201 211 221
123 127 124
204 162 175
223 220 213
135 136 133
137 141 146
134 136 132
184 158 145
126 125 118
168 125 84
183 178 166
126 115 106
213 207 205
132 138 143
158 105 88
145 152 161
159 145 135
142 142 141
143 145 147
147 150 149
150 131 128
189 179 159
85 152 165
55 57 57
78 156 162
126 119 114
182 174 167
136 126 114
198 193 182
180 180 180
134 142 150
129 126 122
175 175 174
222 217 171
216 202 205
181 179 177
126 114 117
148 127 91
62 118 71
162 161 115
169 176 175
218 211 218
163 163 163
154 142 121
69 160 167
182 182 180
146 177 177
197 197 196
187 186 185
181 180 180
139 142 140
122 124 122
103 108 110
182 189 178
198 198 196
126 91 89
189 188 181
48 178 171
144 141 143
182 159 140
212 211 206
65 109 181
177 170 169
182 170 158
123 60 48
102 90 83
129 130 111
170 153 150
219 218 189
221 220 211
189 185 178
112 216 16
205 178 204
154 151 123
198 188 177
97 152 196
222 220 220
203 183 157
108 97 95
170 170 170
177 173 166
226 226 226
129 177 191
232 232 232
127 127 127
113 96 78
109 117 148
152 155 154
117 120 125
219 216 191
88 132 210
43 39 24
246 254 254
120 96 39
226 227 227
53 53 106
233 233 233
104 104 104
104 198 184
68 73 87
50 46 40
134 134 88
250 250 250
115 116 115
114 115 116
227 227 227
232 225 205
75 41 25
213 213 213
235 224 224
227 227 227
233 235 237
147 104 69
229 229 229
14 14 14
73 74 60
101 132 155
67 67 55
134 134 88
230 230 230
230 230 230
162 162 162
77 77 77
105 99 99
201 186 148
234 234 234
234 234 234
129 115 106
231 231 231
239 239 244
171 159 153
36 36 36
196 180 142
174 156 118
182 218 216
111 107 105
39 37 40
170 181 157
190 191 182
182 204 153
236 247 227
73 54 40
168 65 31
204 195 172
108 106 108
30 105 33
198 115 147
188 101 132
197 118 147
106 104 108
142 129 117
240 164 160
117 117 117
117 104 93
105 77 52
105 79 54
110 82 56
133 123 122
135 135 136
130 125 118
100 102 104
93 90 99
41 41 41
118 122 126
141 107 71
177 168 162
129 116 104
175 108 87
118 119 120
92 89 97
180 167 167
111 106 103
141 132 129
113 114 109
189 189 186
145 145 140
100 100 101
35 89 234
108 105 106
148 143 118
116 103 86
98 101 109
101 101 100
210 209 218
75 104 128
123 114 102
85 105 128
123 133 136
91 59 37
167 109 110
119 106 95
92 89 97
151 151 141
87 80 79
130 94 68
103 101 101
116 118 115
122 120 114
133 97 55
139 126 103
122 123 126
114 114 118
125 128 134
82 82 82
142 93 151
191 148 137
204 182 154
78 57 37
126 116 113
130 125 135
211 101 102
159 135 108
176 107 103
95 80 94
227 177 41
179 60 31
125 131 130
157 139 112
75 62 58
199 176 137
157 46 62
99 112 101
121 121 121
95 80 69
139 99 63
54 65 48
152 169 155
74 94 62
98 99 101
171 138 115
100 94 85
50 133 228
168 174 178
121 114 117
120 120 120
16 116 119
146 153 161
147 146 151
74 171 179
119 104 91
171 167 155
81 90 91
144 147 150
31 103 26
109 109 109
49 49 49
179 172 157
100 98 100
166 138 76
222 187 160
176 159 134
111 115 122
114 110 97
127 123 124
183 147 71
126 136 101
142 140 153
186 183 139
187 153 116
33 29 24
161 171 170
157 139 87
154 108 90
126 122 111
165 41 53
83 65 50
132 132 134
172 171 170
49 51 57
88 82 81
178 175 175
172 160 148
158 99 52
179 126 41
34 45 51
31 36 37
91 91 94
127 99 76
165 55 31
29 34 35
66 41 36
142 106 94
193 145 105
175 109 61
229 173 135
179 178 177
77 79 77
126 126 127
155 150 126
159 110 44
165 163 163
169 173 175
160 142 93
100 100 108
177 165 169
139 130 117
127 98 71
58 54 51
116 77 54
172 177 182
120 97 93
87 89 87
162 148 120
125 125 125
136 138 152
150 154 169
193 150 97
80 80 78
65 203 202
228 199 172
26 42 97
65 66 68
178 144 121
124 78 61
156 157 154
150 107 71
107 82 63
93 92 101
173 66 17
6 6 0
185 169 140
118 131 115
178 157 117
162 101 15
114 108 87
94 73 57
218 164 124
202 195 190
157 150 133
152 132 60
232 56 60
173 166 160
114 73 121
119 89 37
140 74 7
207 188 73
234 195 40
144 144 144
37 44 52
211 202 211
55 55 58
70 70 70
139 151 136
150 99 62
165 134 61
230 149 148
143 137 133
150 54 10
98 98 98
135 105 70
204 147 11
86 85 86
134 99 64
130 89 52
208 206 206
254 238 226
22 21 23
149 144 124
180 18 40
74 46 18
169 168 170
87 72 79
202 188 145
124 85 53
82 156 177
163 126 112
76 120 187
219 201 175
209 100 100
18 136 153
144 106 62
180 119 37
142 141 139
174 158 139
69 68 62
143 147 118
130 78 28
166 106 61
120 109 97
198 174 112
186 183 180
162 165 152
26 96 140
171 157 148
34 38 42
196 128 59
230 230 224
188 142 49
132 93 59
19 20 17
220 181 139
140 144 148
174 166 147
73 134 36
85 75 66
141 77 20
215 146 43
104 105 101
130 92 59
214 190 153
70 68 72
113 121 120
103 7 14
203 149 114
154 153 150
124 111 89
163 151 139
141 147 151
96 44 25
78 50 31
192 194 189
140 74 9
157 133 107
90 93 95
100 91 95
145 125 120
169 156 140
122 114 102
174 166 154
21 19 23
172 150 98
144 130 98
202 202 202
160 117 77
183 176 174
185 181 177
181 102 39
153 110 45
87 71 79
84 57 47
142 136 132
203 116 36
151 90 32
142 98 20
145 148 150
118 141 120
51 33 30
85 34 115
104 79 59
163 140 101
203 186 192
140 141 121
96 96 96
144 120 75
170 170 170
126 129 132
108 99 69
134 108 89
95 110 125
180 167 166
102 101 91
154 154 154
66 79 90
139 147 112
210 211 212
55 101 32
139 101 81
157 117 124
98 70 51
156 129 102
133 117 104
162 129 87
83 95 89
180 116 69
65 58 49
121 110 102
131 135 129
190 171 139
124 111 90
159 159 159
142 115 91
139 75 113
151 133 126
136 129 113
137 143 137
160 123 52
179 127 72
100 101 98
146 111 89
181 140 88
94 87 88
133 118 113
132 82 39
113 116 118
119 105 103
87 79 80
107 128 138
134 126 120
130 119 77
124 122 125
105 56 46
33 20 17
137 124 106
125 114 106
160 133 89
118 104 99
140 138 120
212 205 193
166 167 165
129 121 118
129 114 114
135 125 117
121 109 107
196 122 72
114 109 102
143 115 107
115 88 43
175 168 157
139 122 107
151 138 125
122 109 74
93 73 60
135 121 100
98 73 37
130 98 98
139 102 104
64 33 29
136 93 99
80 46 38
145 139 119
156 154 143
195 183 133
133 142 140
105 105 105
133 132 125
140 126 115
194 171 146
144 127 110
121 118 116
135 94 64
136 113 85
131 114 88
114 114 114
99 58 63
99 75 66
105 108 105
112 104 85
79 80 81
164 157 145
128 101 81
150 118 126
117 88 57
118 121 120
148 124 101
145 125 94
81 78 74
123 121 126
85 90 81
134 134 136
128 94 89
104 80 59
168 155 89
152 154 139
145 115 87
48 21 18
125 81 77
79 44 36
179 95 26
133 127 129
126 115 118
103 104 112
100 122 102
61 128 152
186 51 68
202 145 178
186 111 115
209 107 33
113 26 46
115 108 100
154 122 83
224 217 200
155 102 79
127 117 148
144 136 124
104 65 97
140 65 120
115 108 100
176 105 128
132 119 138
146 120 83
146 132 122
136 127 125
80 86 84
164 151 131
101 86 62
225 177 190
38 88 97
126 116 119
136 27 25
159 153 131
62 108 166
174 187 179
172 168 172
152 77 26
39 129 159
110 108 106
68 95 123
128 141 56
127 155 177
147 21 36
135 76 107
158 25 53
141 141 141
77 150 148
111 107 104
205 153 101
135 131 129
52 47 46
105 143 55
104 112 116
130 121 84
152 169 176
67 62 63
111 114 119
134 96 95
135 25 91
146 128 128
135 32 41
118 123 104
107 109 44
89 10 16
138 130 106
92 46 51
158 153 144
147 88 123
61 43 34
161 44 68
100 79 79
111 46 52
143 38 56
202 201 193
117 111 83
180 192 85
127 44 90
191 29 35
159 155 156
132 117 142
163 114 39
153 134 124
118 81 13
164 141 95
208 94 65
72 65 86
95 132 144
95 62 52
136 126 111
148 134 127
74 48 60
115 114 113
127 143 158
135 131 121
141 108 80
121 107 94
106 102 99
62 64 63
70 55 45
90 152 178
56 48 49
193 25 71
154 153 159
60 74 104
95 67 41
136 115 81
192 172 142
137 147 137
106 115 42
68 151 122
132 29 41
123 144 80
123 127 63
125 113 121
176 100 154
148 148 135
70 75 39
168 168 171
136 117 105
180 173 142
140 54 84
141 144 155
65 74 76
131 125 122
164 164 166
123 110 102
173 180 186
191 201 207
170 169 164
159 132 102
172 108 74
11 121 159
47 96 110
143 145 155
126 127 131
124 125 128
127 132 132
144 148 135
101 106 103
103 110 108
94 134 135
160 184 203
179 172 156
142 132 116
212 190 208
168 168 168
209 209 209
138 132 125
142 137 137
156 151 151
149 129 121
195 195 195
111 106 96
147 142 115
95 97 95
154 144 140
142 83 73
148 153 151
150 142 130
132 127 110
98 101 108
131 135 104
174 183 197
177 186 200
92 90 96
157 157 156
192 146 141
134 136 134
123 105 85
147 142 126
134 176 208
197 204 209
221 218 215
200 198 199
161 143 129
205 188 188
129 130 128
216 188 196
193 156 168
127 123 124
150 150 148
206 144 137
131 128 131
162 161 160
85 87 86
134 131 132
137 138 130
90 90 90
181 181 181
131 119 127
176 120 136
61 61 65
145 140 140
170 156 140
187 203 221
163 159 159
140 145 152
187 187 187
98 101 87
136 136 135
121 103 91
139 129 120
96 101 103
213 165 97
137 139 130
134 129 118
170 161 156
109 107 110
141 163 152
239 168 174
202 195 200
149 142 142
209 168 153
152 139 130
156 154 148
97 97 97
57 56 56
147 159 141
106 113 141
209 202 186
204 206 206
151 151 151
77 77 77
141 141 138
160 132 101
99 95 78
142 143 150
134 126 119
124 134 126
190 187 186
49 60 81
107 110 110
118 126 123
105 100 104
166 98 100
120 130 135
148 146 143
119 123 125
113 113 113
119 123 122
110 113 112
229 225 201
240 227 188
251 251 253
243 226 174
215 208 184
151 57 54
251 249 158
162 157 167
41 31 28
215 214 212
74 120 101
190 173 143
210 199 170
163 159 146
179 148 135
204 198 203
240 212 168
214 215 249
249 252 252
244 226 174
232 231 242
177 152 116
249 249 249
221 221 221
198 175 161
194 186 173
162 145 131
239 236 196
197 185 159
144 94 100
242 214 227
243 177 211
227 228 158
226 236 236
149 94 85
233 232 244
239 249 253
215 215 215
225 220 194
196 173 123
224 215 207
247 247 247
156 119 74
225 225 230
235 235 238
89 9 35
215 213 212
108 104 101
114 53 49
187 55 60
118 101 42
75 76 95
127 87 87
152 152 161
79 109 92
172 167 155
155 148 146
126 130 153
106 100 97
121 46 74
73 81 94
204 204 205
162 151 138
161 133 96
40 33 44
37 31 41
42 44 58
244 107 117
184 178 176
110 95 82
154 173 55
123 133 144
175 171 176
165 160 153
95 50 54
44 68 96
153 146 123
35 107 227
199 121 138
154 67 238
138 122 110
150 176 188
233 232 224
202 202 201
192 173 165
159 130 131
41 108 160
146 100 71
23 132 172
197 191 159
194 155 166
64 170 143
179 176 192
184 73 93
130 132 147
117 115 113
130 110 76
169 169 169
159 155 156
180 146 138
150 148 154
30 31 31
86 85 91
201 98 109
64 63 64
178 168 147
166 162 166
161 139 133
190 173 143
235 213 197
178 183 165
179 178 174
125 110 93
153 156 149
102 101 74
135 109 105
189 191 188
230 218 188
152 149 146
123 123 115
85 62 50
217 185 148
156 88 72
219 100 59
198 223 198
234 229 218
125 125 132
126 128 129
149 134 121
132 121 112
148 143 140
120 97 55
163 127 78
162 126 78
198 160 160
197 194 159
177 168 138
222 132 119
239 235 209
236 233 191
144 141 144
233 165 142
157 152 162
163 163 162
90 92 88
166 168 164
130 107 43
109 78 51
158 117 61
121 97 85
100 115 116
44 42 39
119 107 89
167 137 99
112 110 111
205 206 208
124 119 110
146 145 140
207 182 148
223 130 64
194 187 184
181 170 170
71 54 40
148 151 157
166 70 60
210 183 139
131 116 84
54 64 63
132 133 130
130 123 135
31 51 42
180 167 149
39 64 42
82 72 66
57 61 52
140 92 97
176 145 119
139 143 142
44 68 64
149 96 27
120 111 101
159 162 168
184 90 75
134 89 54
148 143 124
192 192 192
126 109 98
161 142 123
185 173 185
146 146 138
141 140 146
96 107 82
63 59 55
113 130 131
136 136 136
140 129 122
222 187 187
220 102 98
181 163 128
121 108 96
65 64 66
162 162 163
188 168 140
80 108 112
145 150 154
79 69 66
192 148 125
129 98 67
163 138 109
169 151 130
77 118 95
158 167 178
124 150 133
131 138 120
104 88 85
112 151 112
208 172 142
114 116 93
118 109 110
149 166 126
182 100 57
136 137 136
173 171 174
70 71 70
122 127 122
181 177 182
130 120 117
124 116 113
148 107 72
164 145 131
110 88 65
140 135 136
135 182 154
106 116 114
49 88 76
126 126 117
37 34 33
53 113 81
140 120 179
164 132 108
137 138 123
152 145 129
123 118 108
113 82 77
117 123 60
118 119 59
144 120 91
96 110 110
117 146 70
117 130 79
121 127 118
146 157 50
134 129 94
73 70 53
90 73 58
87 87 41
104 107 96
82 82 58
107 124 102
161 148 132
134 121 100
78 75 44
53 55 42
176 163 159
129 131 151
123 124 114
49 42 34
115 96 79
134 106 66
156 168 85
140 124 98
133 125 116
135 129 120
140 124 101
113 131 66
140 142 111
107 109 93
125 134 55
97 78 67
122 120 96
143 133 88
140 144 96
147 153 120
177 160 121
169 127 75
146 144 140
195 195 195
139 142 121
125 112 102
74 47 32
122 105 97
81 71 69
118 83 97
86 101 68
146 104 81
163 154 142
137 111 48
22 21 21
67 57 50
148 143 143
131 121 114
132 117 115
178 171 155
120 112 102
80 63 56
127 131 120
163 162 147
51 40 25
112 130 66
74 64 65
141 130 116
104 90 69
121 134 131
136 117 95
144 134 124
89 90 82
173 130 81
140 136 134
115 82 83
89 84 81
87 72 56
148 137 123
127 92 57
88 78 73
96 83 79
109 106 106
120 87 54
171 143 107
143 121 106
140 124 98
149 128 76
224 193 166
102 85 77
94 98 94
136 131 117
156 133 103
142 130 122
151 129 95
28 27 28
159 150 137
78 69 64
122 108 88
163 153 128
140 124 101
106 103 105
87 65 50
135 136 96
156 150 142
150 141 128
138 111 93
95 93 50
175 128 71
135 120 108
126 119 109
85 71 55
82 81 38
124 98 87
75 66 71
110 79 60
148 140 127
95 90 97
160 153 155
116 121 81
103 115 107
150 126 99
218 200 220
104 84 70
128 95 97
150 123 111
64 65 70
83 84 47
114 115 116
179 183 193
94 67 57
95 52 152
135 98 72
109 106 112
45 50 62
85 88 91
105 105 106
122 121 121
165 130 118
206 201 201
64 115 176
170 178 198
163 89 32
169 143 113
152 120 67
74 68 68
157 121 81
155 121 118
182 173 152
140 138 136
94 97 94
180 172 164
126 132 138
92 92 92
142 112 70
142 137 121
49 46 46
84 141 161
93 93 90
118 122 115
100 98 100
117 115 116
101 103 106
105 89 66
137 132 131
114 132 124
182 182 182
177 137 124
105 106 99
110 111 108
168 168 168
90 79 67
151 146 139
140 137 76
132 132 113
81 92 75
105 82 65
65 67 139
117 112 115
109 84 66
97 101 125
132 120 110
104 86 79
89 72 59
156 141 112
96 88 79
135 137 152
115 108 123
164 142 144
92 90 87
95 113 165
125 124 117
130 130 124
113 132 158
110 110 109
193 194 194
136 145 151
130 120 112
102 116 147
76 83 52
152 127 110
102 107 103
130 137 137
157 141 113
100 85 85
107 107 109
105 113 100
120 53 74
86 96 92
168 175 175
144 100 104
88 74 65
61 145 98
215 116 66
43 40 37
190 190 186
133 120 87
95 94 102
100 92 83
214 69 47
139 138 138
134 135 127
125 85 76
127 128 132
123 122 117
143 144 144
123 133 117
133 121 111
134 116 89
155 147 145
171 178 178
129 138 143
101 89 93
112 115 113
90 90 89
200 200 200
107 120 124
136 175 206
130 100 110
123 98 116
200 190 175
206 180 136
219 156 119
195 184 180
183 181 180
209 118 114
219 126 121
152 111 179
138 114 96
190 118 89
181 168 118
137 141 145
130 124 119
54 51 57
86 107 141
148 160 176
115 88 112
94 80 61
101 81 79
139 138 135
180 179 171
109 107 104
117 115 112
208 150 179
97 83 64
219 144 174
163 159 148
88 107 148
144 148 147
139 142 142
126 115 130
181 171 123
113 30 58
106 76 67
130 91 89
58 73 72
57 68 65
57 71 68
189 189 194
156 111 82
204 139 114
159 107 117
102 87 80
163 165 155
148 155 155
196 88 107
148 96 84
169 103 116
164 161 161
213 220 214
109 51 33
100 100 99
99 67 60
152 152 152
147 124 108
166 169 149
233 184 148
165 120 116
131 120 99
126 99 81
126 96 76
137 129 122
136 113 120
96 102 86
136 148 161
138 151 164
142 136 136
179 128 139
150 150 150
126 76 61
174 139 98
159 159 126
182 187 166
49 52 40
127 116 99
125 88 79
103 105 122
133 111 139
23 56 73
131 134 132
56 36 40
148 134 115
124 118 121
138 138 128
104 31 18
109 82 58
155 165 50
169 122 91
151 131 111
177 172 166
86 59 50
182 141 123
139 51 48
75 105 111
139 145 114
140 114 136
140 123 101
118 98 102
156 176 116
156 112 130
181 157 166
147 116 123
99 55 57
201 114 94
136 119 114
109 120 124
161 87 50
114 114 114
124 128 128
173 147 167
64 117 134
187 103 82
121 128 131
106 92 88
135 144 89
134 136 139
164 173 153
90 88 102
125 125 117
125 125 132
116 116 116
127 120 122
115 115 115
104 103 102
147 144 134
106 123 131
160 159 157
92 63 57
204 186 160
92 97 95
109 108 109
121 117 115
88 82 30
72 72 72
147 147 151
127 117 93
129 128 127
50 111 117
157 162 151
107 110 117
120 139 146
142 143 146
19 19 19
122 148 165
105 104 98
104 112 104
43 43 43
175 136 108
107 100 91
142 141 140
205 96 53
118 121 118
169 170 172
107 100 91
167 171 179
133 134 135
156 87 83
196 196 196
84 88 87
136 135 133
78 91 99
151 115 97
205 205 205
130 125 124
140 110 107
106 106 106
149 147 145
97 91 86
94 94 98
125 131 125
150 149 142
151 130 80
89 89 87
95 113 119
88 85 83
124 151 169
119 119 118
139 143 145
59 59 59
38 45 51
173 170 197
137 136 137
168 138 150
107 100 91
144 105 80
182 57 52
215 195 162
130 129 127
156 123 95
224 156 96
63 53 50
152 141 127
115 115 126
123 117 102
81 86 85
159 154 158
134 132 133
81 169 159
216 215 216
152 106 75
209 201 189
115 66 53
70 70 70
122 122 121
198 183 157
145 147 150
201 99 85
124 116 102
94 95 95
185 123 93
24 26 22
84 80 84
43 47 50
231 163 91
81 80 79
115 96 68
79 81 84
53 53 53
139 115 76
186 184 185
127 128 130
58 57 55
114 113 115
108 123 122
115 115 109
110 113 110
110 108 96
138 105 68
119 115 116
52 51 46
142 130 128
101 102 170
110 109 117
70 69 69
145 130 121
146 144 141
135 134 132
172 172 172
139 114 129
124 120 124
105 100 88
99 60 39
170 153 138
112 112 112
157 111 75
64 64 64
30 139 92
159 159 153
179 168 127
127 127 127
122 123 123
76 35 41
116 105 87
132 133 142
145 131 136
213 195 171
133 133 133
226 221 208
122 115 115
188 148 95
240 241 240
127 73 55
131 93 94
150 140 120
84 84 88
111 115 125
96 84 74
132 132 132
161 144 117
242 225 209
205 137 118
132 85 68
148 129 105
118 83 74
118 118 118
96 96 95
154 154 138
143 138 130
118 121 108
124 110 86
152 144 103
178 156 144
125 126 128
114 50 3
217 81 113
79 65 2
153 138 141
160 129 106
148 142 113
215 215 215
119 119 95
171 170 139
131 89 64
128 111 96
127 127 120
150 140 120
86 87 84
100 65 42
119 120 114
138 136 136
96 83 87
156 141 129
90 31 33
105 100 88
99 95 88
111 108 93
100 63 63
135 131 136
119 114 92
169 153 139
142 138 131
132 96 87
169 176 164
176 178 177
140 132 131
93 103 120
127 126 120
90 103 68
139 114 129
165 152 138
141 125 117
102 102 101
119 119 119
115 110 112
93 44 35
151 135 118
86 58 64
125 45 36
132 132 132
100 106 96
138 137 134
139 129 117
202 140 50
62 73 65
111 102 95
143 89 36
147 117 99
127 106 82
96 98 101
110 111 62
104 85 37
150 120 113
132 85 68
85 42 49
111 114 107
105 100 88
58 42 41
162 151 145
74 58 46
121 117 119
154 154 138
136 132 119
100 97 95
103 70 59
114 30 32
85 83 74
145 113 119
183 124 77
161 107 102
102 120 121
67 46 56
150 159 154
146 151 156
98 47 71
90 68 45
154 111 132
148 145 139
214 208 205
35 134 175
142 132 112
107 130 96
62 60 62
179 189 153
202 190 191
228 228 221
206 182 127
206 191 180
243 238 231
237 223 191
225 209 194
211 181 152
143 142 136
110 112 109
134 129 106
118 82 67
174 163 149
157 130 108
129 132 125
215 207 181
191 179 170
193 192 192
183 161 143
193 192 192
161 167 87
142 104 87
140 138 142
126 62 27
195 180 152
131 128 123
170 127 104
182 171 148
136 133 130
49 37 35
148 133 130
136 137 133
146 126 116
152 142 97
99 79 73
178 167 145
191 96 80
157 154 108
130 129 123
186 157 137
123 120 121
196 188 169
136 142 144
165 131 85
209 185 183
177 173 168
182 171 163
83 82 81
57 45 45
186 183 127
100 99 101
98 98 102
148 157 140
183 124 77
194 174 141
93 67 85
180 145 98
55 55 55
210 175 168
116 187 147
131 129 131
147 111 36
151 129 110
143 78 52
134 111 88
116 125 131
135 61 87
139 126 105
190 175 106
184 169 150
85 89 100
137 132 138
202 201 192
136 131 139
177 128 87
134 89 54
119 97 94
154 157 158
186 159 114
155 105 112
192 186 180
126 123 117
107 93 84
98 46 71
51 94 104
62 179 220
97 95 95
162 169 148
119 136 132
25 23 38
204 195 131
138 122 98
118 111 83
144 147 151
103 70 64
99 92 111
184 185 183
186 123 100
69 153 166
167 162 158
120 37 59
183 145 104
52 103 107
174 128 129
205 205 134
106 106 106
221 18 18
98 37 115
44 121 47
144 192 196
186 98 153
199 25 31
104 41 38
188 188 188
228 203 194
127 68 64
65 102 142
155 48 78
153 52 55
127 162 158
167 135 111
176 215 225
48 63 6
111 77 94
91 90 92
124 126 125
105 100 105
155 183 102
219 44 11
215 68 92
216 135 182
127 142 140
147 143 144
231 225 215
42 54 28
226 224 195
204 201 200
235 96 93
31 21 25
196 191 174
219 117 117
83 151 169
90 90 90
205 104 114
219 111 33
46 132 128
153 163 171
37 30 24
201 224 203
144 168 120
123 116 102
43 42 69
73 63 69
86 80 78
204 208 177
163 109 140
115 107 92
113 137 81
70 71 68
146 183 96
126 107 114
109 102 95
60 57 80
54 32 36
228 93 158
36 49 39
101 112 107
133 123 115
124 123 126
178 157 133
173 135 82
58 51 49
231 228 223
155 141 122
98 73 52
67 52 46
129 116 119
233 117 171
73 35 65
64 45 53
66 145 150
210 104 142
111 122 68
74 31 44
127 98 79
207 71 79
138 142 127
145 139 124
177 150 162
102 118 153
96 78 82
34 31 27
56 60 73
198 66 86
42 40 39
145 118 99
186 202 168
20 15 36
240 242 243
99 96 93
171 161 159
217 188 99
60 61 63
99 146 149
210 164 174
163 207 119
86 53 52
151 132 138
28 24 30
143 146 158
91 146 180
227 148 136
33 152 193
86 75 106
144 149 136
143 136 129
95 95 109
175 117 80
137 138 138
162 130 106
53 54 80
172 203 48
147 164 140
245 178 197
136 136 136
194 166 95
96 83 81
136 127 120
132 136 120
140 139 137
140 139 138
114 93 66
187 143 97
152 143 120
100 100 100
130 129 131
142 143 142
127 125 126
104 82 69
166 134 119
124 125 124
165 119 91
122 120 105
150 129 117
62 62 62
129 118 105
119 111 110
116 118 120
165 119 91
153 128 83
127 127 128
206 138 69
125 105 70
150 149 146
156 154 155
145 142 136
100 101 102
149 148 146
101 99 104
147 134 109
86 85 80
128 127 106
96 95 94
138 140 138
133 131 125
155 116 64
116 116 118
165 148 134
131 127 113
115 118 117
118 97 69
149 135 121
209 183 124
144 146 144
116 87 65
127 124 128
129 124 121
187 143 97
86 85 80
83 83 83
140 139 137
151 133 133
94 92 90
133 132 134
105 106 109
124 123 124
163 149 129
112 115 129
214 162 45
177 142 115
142 136 121
135 135 147
125 100 39
72 77 40
203 167 75
153 122 71
157 151 145
131 155 177
91 97 98
159 154 123
42 71 91
217 218 212
164 146 119
52 52 52
161 159 144
141 133 136
58 57 44
190 156 71
173 96 42
155 150 134
224 202 144
149 138 126
216 196 122
190 171 150
87 87 88
183 167 152
152 130 115
213 164 54
122 121 123
120 119 118
223 210 197
123 115 99
147 148 148
171 139 105
157 156 155
204 169 107
135 132 122
140 127 114
109 107 108
164 163 136
151 143 120
136 137 136
146 151 154
75 89 85
123 128 130
127 129 130
128 120 109
143 142 142
103 91 89
127 121 120
126 124 121
146 99 38
89 80 80
109 111 108
106 108 110
160 121 100
113 111 109
104 104 104
109 109 109
128 128 128
134 128 116
117 114 107
124 124 116
99 96 88
141 139 136
65 73 77
113 98 88
113 115 104
131 131 126
182 157 133
119 112 100
119 124 131
139 131 129
149 147 146
134 131 130
171 168 154
160 130 101
106 108 113
125 99 84
121 120 118
131 128 129
127 126 122
126 110 96
155 118 92
113 113 111
123 122 120
129 144 161
108 107 107
167 165 166
117 118 122
106 120 129
151 147 145
137 137 136
128 128 128
132 131 130
130 120 141
102 114 101
167 166 167
150 150 150
136 132 131
148 135 132
133 127 114
120 121 124
149 138 118
91 96 103
117 106 88
136 136 141
138 138 134
160 135 107
83 81 76
58 56 62
121 123 121
91 91 91
138 137 138
145 143 142
132 131 137
151 146 142
111 108 103
108 110 102
128 128 130
78 72 64
113 113 112
78 72 65
89 87 84
63 58 53
131 129 132
119 119 127
114 114 117
124 120 113
86 96 80
126 118 124
86 79 71
111 112 115
102 104 103
124 124 109
80 75 70
145 94 68
125 130 129
111 142 118
144 145 145
85 83 83
124 93 68
136 136 141
139 141 141
124 129 123
166 162 163
128 128 128
111 111 111
146 148 152
126 124 122
168 166 167
122 122 122
144 140 138
138 139 137
172 152 127
137 136 138
126 125 125
142 137 140
85 84 86
121 119 115
145 145 145
187 171 152
139 136 139
105 97 93
90 99 110
137 140 149
109 107 94
141 141 138
141 142 140
115 115 124
138 128 136
137 123 103
191 140 106
122 120 125
107 106 87
154 66 68
85 88 84
53 29 26
62 79 68
117 116 126
104 97 64
138 76 45
49 137 145
134 137 145
144 121 84
132 130 123
67 85 48
112 95 83
84 83 79
130 120 109
195 174 139
114 138 154
166 135 81
142 140 138
187 169 109
88 63 50
123 113 101
145 101 36
141 85 83
128 139 154
108 106 106
113 84 70
87 64 72
87 69 40
192 171 174
133 131 142
48 159 140
135 174 149
37 148 154
107 115 122
178 169 170
100 84 70
204 158 81
208 173 120
159 151 153
140 176 183
23 94 64
177 108 42
125 101 84
147 138 116
113 108 105
101 80 26
175 169 153
119 51 52
142 132 107
113 105 77
172 139 119
68 57 22
132 137 132
156 122 78
184 115 14
161 123 74
58 81 111
188 160 131
51 51 51
145 136 112
138 130 136
87 85 71
146 98 58
76 67 53
131 100 56
105 119 18
144 117 88
54 77 107
117 115 109
97 97 98
117 98 98
116 133 144
131 129 130
138 131 139
126 73 60
48 53 39
186 155 13
50 43 47
182 159 128
211 100 35
118 116 111
141 130 110
81 83 76
186 153 96
217 204 165
140 134 132
55 77 107
158 120 72
121 160 156
88 94 85
160 151 108
100 76 50
210 145 85
165 37 16
89 92 97
126 66 30
184 163 166
108 109 112
167 155 134
130 127 136
120 131 132
90 73 45
127 74 54
108 129 98
187 162 156
78 88 68
126 123 113
215 209 213
150 139 143
128 123 120
125 118 122
116 112 110
51 58 41
146 127 132
144 103 96
71 75 69
109 124 150
65 71 71
205 155 130
139 112 106
94 156 140
151 184 224
135 130 123
142 140 138
58 43 67
211 183 125
139 88 83
135 77 74
91 88 74
129 65 28
146 133 131
134 141 83
89 90 73
133 121 97
162 140 113
177 120 60
136 119 116
187 157 124
127 114 92
120 45 43
54 89 51
102 61 108
126 135 110
209 122 95
224 180 180
71 57 40
50 53 58
125 86 46
71 88 75
199 233 212
54 80 76
146 10 19
142 103 87
112 102 83
132 122 62
148 154 154
96 148 225
139 125 148
130 112 95
186 158 27
53 84 65
140 103 49
208 215 230
117 104 88
127 104 87
30 66 5
71 89 76
174 137 73
100 100 101
165 118 82
213 126 79
131 123 128
137 125 112
147 139 122
153 131 119
19 20 17
143 131 159
87 68 49
124 48 3
74 85 59
107 104 46
96 82 36
110 85 42
165 61 9
196 192 192
147 85 35
160 160 160
138 129 115
96 80 84
91 107 73
144 125 100
107 36 33
147 95 64
213 161 72
89 85 78
182 128 97
96 57 67
94 88 101
129 97 113
96 86 103
179 158 153
60 85 79
201 146 163
207 152 133
148 79 67
80 60 65
122 109 95
144 154 161
42 127 146
200 157 128
54 113 106
123 115 111
176 183 142
85 113 89
133 81 77
147 114 88
127 96 103
107 119 145
172 105 51
205 160 129
117 117 117
145 117 86
168 130 81
91 89 86
128 126 131
77 79 96
134 101 97
183 172 175
128 123 120
145 99 118
160 88 110
195 158 139
123 119 130
127 115 152
231 142 150
123 123 114
127 108 71
160 148 143
167 178 168
97 65 62
151 151 151
69 93 71
82 121 82
95 98 114
106 106 107
139 88 32
85 93 100
80 84 91
62 67 51
104 105 99
66 77 171
117 132 15
149 108 131
100 100 100
7 13 49
62 90 79
97 89 73
172 136 75
66 62 69
124 134 150
128 140 156
178 114 33
101 101 101
215 213 212
128 111 99
121 144 154
82 82 124
119 102 100
77 79 39
65 62 57
19 10 13
139 92 16
128 10 13
102 106 105
135 135 135
106 113 112
3 152 195
128 67 50
185 78 33
144 93 72
117 115 102
95 87 79
107 107 107
119 88 70
66 65 58
114 98 77
90 108 99
146 118 71
177 103 138
120 94 57
176 165 157
113 105 78
141 119 77
109 85 71
105 100 74
95 103 108
102 180 167
91 72 93
61 61 61
33 103 118
102 102 102
179 154 130
107 145 87
131 165 250
86 92 89
117 129 106
156 92 83
33 35 38
95 108 76
139 139 130
35 29 19
137 118 103
121 121 121
156 156 156
69 42 67
192 152 108
71 82 76
87 72 106
98 90 75
165 93 15
129 125 171
123 121 118
99 18 28
70 95 90
211 133 104
112 97 89
107 118 84
128 104 86
143 94 66
47 44 46
41 13 40
27 25 19
82 66 59
113 99 70
153 166 143
236 236 208
106 73 62
172 184 182
104 114 141
163 128 28
158 167 192
129 89 95
182 201 156
127 95 69
117 106 54
53 52 80
27 27 53
200 178 167
112 113 111
24 32 81
95 89 88
130 130 130
131 175 178
72 71 70
30 89 105
198 200 209
143 131 123
175 100 63
224 209 184
91 81 84
107 78 85
192 167 169
53 56 59
45 50 47
188 157 124
153 155 120
143 143 144
179 175 247
26 29 30
154 137 108
186 145 80
239 222 222
201 172 117
205 178 120
213 167 166
155 135 135
146 144 133
118 153 79
171 135 137
178 134 113
127 100 93
122 108 93
169 105 46
188 143 36
155 170 179
171 152 158
207 181 174
180 127 100
135 156 169
204 185 154
100 101 106
201 152 90
109 92 86
60 88 57
93 67 56
159 136 120
115 102 99
161 139 153
172 154 134
149 149 149
97 123 83
197 101 77
196 156 153
146 113 90
234 172 169
178 156 172
189 206 208
134 155 146
250 175 124
66 87 140
204 202 218
159 112 77
159 140 130
234 234 234
203 121 106
138 114 91
147 91 55
153 87 47
227 227 227
163 127 115
129 105 79
196 199 202
137 88 74
69 62 96
120 132 114
67 108 201
151 195 218
164 109 67
206 150 105
75 68 65
114 123 132
117 88 59
106 62 35
110 148 143
151 134 110
155 131 81
156 143 126
163 143 55
126 123 114
174 172 166
99 75 75
178 131 91
200 195 190
70 76 85
167 159 154
160 67 88
119 116 111
150 119 110
135 111 74
173 131 64
151 87 115
186 158 164
194 133 82
151 123 116
78 66 71
95 64 37
182 91 141
118 98 205
141 133 96
152 138 112
185 150 147
113 98 73
188 136 90
175 145 133
165 148 153
132 85 65
177 141 97
122 116 93
155 149 140
210 176 100
160 98 73
164 123 113
140 120 114
157 122 102
161 117 56
162 125 74
125 107 91
217 140 147
223 202 199
229 183 114
207 188 174
83 90 86
121 86 76
101 77 50
142 130 118
97 106 91
215 196 200
112 93 108
225 199 149
128 139 135
253 235 192
125 127 124
87 74 70
149 140 141
144 93 46
172 129 98
150 62 88
85 81 76
93 86 82
100 85 79
176 164 146
134 75 104
63 35 20
161 152 152
235 221 185
149 139 128
111 109 111
213 191 144
197 153 85
164 155 111
115 86 54
127 107 93
212 192 152
131 26 20
193 184 150
149 133 116
183 157 140
107 93 84
163 111 57
147 94 31
182 109 108
144 135 130
219 91 117
225 192 154
207 189 181
220 189 160
172 164 159
177 150 122
188 169 128
114 111 113
120 103 74
115 109 82
148 142 144
191 191 191
235 221 190
100 88 72
191 193 141
212 184 149
243 217 188
97 79 81
160 148 139
159 138 138
197 186 136
210 144 154
128 118 91
90 113 126
138 138 138
161 134 101
126 120 109
224 150 156
138 138 136
152 155 168
192 179 159
113 121 85
180 167 153
205 198 183
107 92 76
208 175 130
151 116 85
177 178 170
177 167 142
149 138 130
215 187 153
133 135 139
174 164 149
226 206 191
130 99 63
212 119 45
140 176 181
154 78 80
43 119 175
121 127 155
119 121 122
141 126 105
172 136 98
154 155 138
202 200 180
145 170 191
193 181 123
206 181 187
125 118 116
91 61 33
152 133 121
204 181 165
50 36 43
207 193 181
177 150 122
130 114 88
140 118 99
81 87 87
224 225 218
123 127 138
142 109 95
165 111 54
101 84 73
198 157 141
199 174 154
169 137 133
120 119 108
121 122 126
92 92 87
194 122 85
160 160 160
121 108 99
140 103 90
175 127 67
108 61 21
115 114 115
105 99 90
52 42 21
123 121 112
163 163 163
78 88 87
153 131 104
118 118 118
119 120 114
70 70 70
126 61 50
114 103 85
87 86 82
118 74 64
107 82 74
163 113 103
104 74 61
168 142 125
166 141 126
125 109 89
135 117 98
133 115 99
209 200 194
157 126 94
179 150 116
179 150 116
168 87 74
133 119 94
131 115 88
167 159 155
94 71 41
133 106 77
132 68 63
89 58 30
207 139 66
150 81 47
154 113 62
166 130 107
118 74 64
161 112 83
87 88 89
73 66 65
154 144 159
134 126 124
71 74 65
139 85 67
155 122 105
183 154 120
174 145 128
133 126 124
131 115 88
127 104 66
147 121 101
67 47 37
102 88 77
178 139 87
170 114 64
167 125 118
125 86 72
86 85 81
68 65 51
67 64 49
187 143 100
150 131 91
207 138 66
140 143 136
133 117 112
215 139 139
201 115 27
146 120 96
107 82 74
146 130 111
168 140 124
119 107 81
106 67 33
167 114 62
104 74 61
164 133 108
149 81 46
128 120 115
136 132 137
50 52 55
147 146 155
169 114 51
122 96 75
193 132 104
148 141 152
101 92 61
119 112 103
180 126 64
102 47 22
167 111 42
89 90 90
136 125 110
85 45 41
166 130 101
133 119 94
140 142 132
156 152 159
183 125 64
127 112 103
165 131 114
88 86 95
96 52 46
133 142 133
116 92 67
128 116 97
111 103 100
110 101 81
154 118 102
158 117 99
97 61 42
90 84 83
127 151 158
124 120 110
128 127 128
98 75 63
158 98 34
150 122 86
112 98 89
141 111 94
96 94 89
103 105 111
88 79 74
145 146 161
105 75 56
66 67 71
160 136 79
92 90 90
105 104 100
124 126 122
107 88 70
130 124 117
114 104 102
107 101 91
90 83 75
75 76 72
136 136 136
92 82 78
121 121 117
124 112 13
88 80 87
108 106 101
105 95 94
156 103 40
95 96 99
149 149 150
148 148 148
117 112 112
104 93 82
128 58 63
138 118 113
128 120 107
113 107 115
156 104 41
149 117 80
125 122 114
89 102 97
94 93 91
110 108 106
66 66 66
140 94 67
33 54 66
103 87 61
115 112 111
109 65 17
160 134 103
101 101 101
123 126 123
135 146 105
109 108 111
132 117 110
111 100 90
167 154 144
124 119 126
96 83 73
184 161 115
122 52 105
115 104 81
87 82 81
75 77 90
141 123 104
101 87 74
99 94 86
108 74 48
114 109 101
129 122 122
148 132 125
138 47 86
130 127 126
146 83 41
62 65 53
129 110 61
103 111 104
104 104 107
100 106 121
226 209 134
126 187 177
190 174 157
112 61 22
104 69 144
148 115 106
116 95 68
162 152 144
76 94 79
140 94 64
127 119 105
152 149 153
145 129 108
167 94 72
120 92 67
92 66 51
128 131 134
170 172 162
115 81 63
86 86 86
84 66 68
109 99 93
102 75 59
79 79 75
121 121 145
157 165 105
103 102 96
76 50 100
78 55 45
92 72 63
89 62 44
84 82 74
162 157 153
74 73 54
187 143 116
45 40 36
62 55 50
96 95 90
50 47 37
66 57 42
99 96 90
111 95 77
49 47 48
80 77 76
77 71 63
67 69 67
107 95 86
15 12 12
64 61 56
79 72 64
41 39 33
60 38 17
163 45 50
78 77 77
82 69 63
86 84 84
73 69 66
107 86 75
72 72 74
97 69 60
186 154 106
51 51 51
155 139 134
82 77 74
58 57 51
52 42 35
203 89 71
71 69 73
85 90 94
96 93 90
81 66 65
52 53 53
78 71 69
144 138 138
71 69 72
66 63 51
86 84 78
123 128 136
75 72 62
70 62 54
154 146 145
74 71 63
59 59 57
84 75 71
84 83 79
65 62 68
44 45 43
113 96 79
60 57 53
71 68 66
73 72 74
128 114 105
29 27 27
70 68 65
94 86 83
37 37 40
73 66 63
35 34 39
41 36 28
51 50 49
27 27 28
14 15 14
123 106 93
70 56 47
43 41 39
168 167 167
61 69 69
77 60 68
46 39 37
64 63 64
146 160 169
249 130 95
55 58 61
37 32 33
130 166 180
145 182 199
147 144 143
150 137 135
56 55 49
70 69 71
36 34 35
67 66 62
75 63 55
152 168 177
61 62 56
63 60 55
43 42 37
60 57 50
116 111 99
51 46 42
55 51 45
79 69 69
51 51 51
83 83 84
31 32 32
47 48 51
66 61 62
110 108 110
94 90 89
126 112 108
59 57 52
74 70 67
71 74 78
45 40 34
57 57 56
40 40 36
97 101 91
46 45 44
72 50 59
74 68 57
60 61 56
95 89 86
116 105 84
22 21 18
55 50 40
229 232 158
157 93 76
75 56 49
204 132 145
115 163 103
154 154 154
58 52 55
176 176 176
97 120 97
63 62 98
195 195 195
114 83 85
93 143 13
50 100 123
95 137 13
102 52 119
36 64 83
247 200 220
175 44 54
130 136 84
146 146 146
56 38 70
71 89 103
117 55 40
157 93 76
233 182 210
127 125 130
88 32 38
177 170 164
106 91 80
27 50 14
168 155 139
80 88 51
140 199 197
220 132 164
240 176 200
120 134 158
97 87 97
150 150 148
168 155 150
153 130 99
55 176 220
223 223 223
122 116 102
147 178 208
112 35 31
220 68 108
128 142 156
153 160 184
80 89 71
96 98 98
81 68 76
165 108 98
102 78 76
132 150 131
61 26 11
116 104 122
148 51 12
101 55 37
83 88 90
146 135 114
169 126 151
186 159 174
251 128 129
155 132 88
108 105 98
232 134 167
201 99 137
144 121 105
117 64 77
42 18 29
106 151 107
9 103 58
239 169 144
113 109 121
91 72 112
108 102 98
108 158 69
127 128 126
97 97 97
186 185 189
172 165 165
71 7 9
186 178 118
106 106 106
140 97 57
86 163 180
78 55 126
77 79 81
174 50 91
226 147 80
162 89 102
150 136 123
234 105 132
97 64 55
139 160 137
240 210 237
155 129 111
65 22 22
89 118 191
103 99 94
142 138 64
223 135 160
65 77 38
138 131 89
91 76 66
179 179 181
95 81 100
102 80 51
109 103 110
221 164 189
194 117 41
127 92 69
172 159 165
191 175 145
204 204 206
93 56 28
105 115 133
196 145 84
109 124 80
103 103 103
149 149 149
117 185 27
94 35 31
83 62 21
58 46 20
150 133 134
121 141 60
84 125 117
200 111 168
115 104 86
95 155 6
129 130 127
92 114 89
145 147 37
112 105 107
89 92 79
83 92 90
85 93 87
91 93 91
81 91 83
76 80 77
226 117 85
88 122 63
117 109 77
142 151 16
100 124 83
63 91 60
80 158 57
142 156 139
70 82 171
160 96 40
225 117 39
224 173 82
53 81 46
134 72 8
61 89 13
121 110 100
158 77 85
194 113 108
72 85 71
97 124 106
202 96 51
81 70 75
138 111 66
197 122 77
72 159 26
137 151 61
135 138 121
151 130 26
127 127 129
162 109 18
80 108 20
146 128 97
108 159 33
101 155 48
154 72 4
68 68 68
161 124 42
60 51 44
77 138 49
150 96 35
71 112 45
55 99 89
130 82 38
158 116 85
96 147 16
74 149 44
159 79 136
177 108 53
164 135 92
155 155 155
96 145 103
82 157 64
159 110 50
121 159 14
98 115 19
115 115 115
157 97 44
106 121 101
178 160 160
197 80 25
140 159 154
86 101 64
148 120 94
85 60 19
176 150 106
100 110 24
91 82 87
111 145 75
97 148 12
196 80 71
144 114 74
102 134 105
127 165 77
89 170 8
205 205 183
111 143 9
135 175 4
114 106 82
160 160 59
157 184 101
67 159 66
118 103 173
160 112 40
82 104 14
155 156 112
139 110 142
112 130 17
132 144 74
131 164 74
153 156 60
144 157 118
142 151 16
178 105 115
134 134 134
88 77 78
189 164 118
37 138 167
60 94 59
167 106 34
163 125 70
161 160 159
139 137 131
147 109 81
21 21 21
123 101 97
165 114 58
232 168 49
143 109 58
160 97 49
153 142 124
216 207 195
98 97 99
173 129 79
164 130 86
219 123 168
122 126 135
207 182 104
156 146 149
149 110 79
151 104 65
201 136 60
167 111 42
176 115 59
136 86 34
214 126 51
146 82 38
185 111 59
175 113 66
202 142 78
181 135 57
69 62 76
87 37 11
173 117 74
76 60 44
133 79 43
96 86 76
195 142 71
190 154 104
147 79 31
250 93 197
197 115 59
151 77 37
150 111 66
189 182 164
137 111 91
115 115 109
156 112 58
85 59 39
198 122 64
120 81 54
188 129 74
147 122 99
163 129 78
165 109 68
79 94 127
142 92 52
205 125 46
153 137 112
84 39 13
180 139 79
140 95 32
188 115 34
87 39 14
164 116 57
115 75 41
89 40 20
70 70 72
123 62 33
184 106 59
156 119 74
82 74 48
143 88 21
115 67 27
112 61 34
117 89 47
209 142 68
159 121 64
164 164 169
171 165 159
193 169 136
185 96 17
183 182 182
197 160 117
185 95 27
113 113 112
181 132 68
102 99 82
124 91 50
196 117 59
154 74 44
149 84 54
149 130 96
129 127 131
139 111 56
148 104 50
165 123 84
220 146 60
169 121 56
170 123 83
171 108 54
199 104 15
139 80 51
143 76 34
160 105 45
178 99 39
177 125 87
149 114 77
156 127 105
82 92 108
153 102 62
200 155 116
92 53 37
190 115 54
87 50 32
214 129 50
158 108 54
146 149 159
186 197 204
71 76 65
128 84 43
194 155 110
135 82 53
163 64 142
202 165 130
164 70 69
197 192 187
31 31 31
238 205 180
208 183 232
113 165 66
25 47 14
141 66 165
150 144 104
161 152 149
115 107 106
82 67 61
82 67 61
90 48 23
212 92 118
142 96 64
178 105 63
120 130 81
167 146 111
148 88 48
112 84 68
145 125 99
118 113 108
205 143 93
89 79 64
115 109 89
133 117 94
146 123 86
63 54 42
111 111 111
156 110 79
146 100 62
69 69 69
76 77 80
124 124 124
145 105 87
120 81 37
174 148 89
89 56 18
151 146 120
141 61 43
51 42 31
100 87 66
60 50 38
133 91 43
183 144 100
26 37 99
124 73 54
141 98 60
103 88 59
150 106 46
102 85 56
159 159 159
169 147 72
158 158 158
168 146 82
70 119 68
166 141 106
216 87 122
30 30 30
92 52 23
154 108 72
54 54 54
61 61 59
43 51 66
49 49 49
75 49 49
98 81 61
147 116 69
138 102 74
124 105 91
89 47 23
213 164 66
148 132 111
93 111 76
180 167 166
76 62 44
110 111 110
127 122 113
149 139 123
39 37 34
106 109 110
60 59 58
25 55 37
186 55 80
186 160 125
121 103 79
65 36 72
9 124 144
183 152 125
137 79 45
199 130 80
150 106 46
168 38 7
165 105 119
182 173 166
143 100 110
23 23 23
57 48 48
143 85 70
61 63 58
120 102 144
137 134 133
135 129 117
183 158 119
148 127 100
40 42 42
93 113 143
190 142 162
118 116 108
102 85 56
112 103 89
152 101 79
129 122 111
165 140 95
158 38 49
83 66 31
110 102 93
158 167 175
84 83 114
139 101 85
178 183 192
185 143 105
143 135 134
160 134 119
146 144 147
217 212 201
190 160 133
189 175 167
28 19 13
194 165 179
163 78 141
127 141 135
166 149 108
185 143 105
153 137 102
163 139 114
133 135 93
81 91 112
103 105 111
230 230 230
141 99 114
141 89 18
223 223 159
244 125 164
145 3 11
157 3 14
131 2 10
177 4 21
70 54 44
89 70 58
199 173 146
88 85 86
163 112 94
153 156 134
75 76 94
27 113 160
107 106 107
173 164 228
159 189 166
208 199 199
174 139 87
164 129 91
219 177 97
100 93 79
203 165 114
206 227 230
154 165 183
175 135 82
131 101 46
239 139 105
70 54 44
144 123 98
117 1 7
42 135 124
171 132 72
203 190 177
79 194 128
148 194 65
182 174 222
194 188 149
116 91 51
127 128 110
130 130 130
68 53 43
91 72 60
135 135 136
116 96 83
210 207 209
180 165 136
87 87 87
142 132 128
102 60 52
170 169 170
175 141 106
202 184 171
203 155 90
190 188 182
79 68 58
199 136 73
109 108 108
74 74 74
143 89 24
193 193 193
90 83 70
126 117 93
140 113 109
90 43 53
204 204 199
87 78 68
163 142 103
97 84 71
137 97 45
164 129 91
206 210 209
107 103 94
118 118 118
144 144 144
122 125 124
124 114 99
206 60 64
179 128 93
158 157 154
137 82 62
99 87 79
111 27 25
87 75 75
202 136 101
25 60 83
184 153 101
57 54 56
152 154 152
125 121 110
134 96 54
155 148 132
176 160 148
200 132 54
206 137 64
170 154 153
167 162 145
215 217 198
139 124 95
112 82 62
205 199 180
173 181 147
204 197 192
191 184 173
123 165 130
220 123 96
60 61 61
221 223 213
205 208 167
158 146 123
133 125 36
189 187 128
168 115 86
183 160 151
128 118 106
162 165 144
179 123 100
159 98 101
150 94 63
150 147 139
119 98 74
177 92 91
121 108 107
216 158 72
229 217 220
198 135 100
142 137 140
201 228 237
148 126 103
195 163 118
135 125 75
144 144 144
140 197 211
172 121 80
154 119 136
183 183 183
136 121 103
155 110 112
121 81 105
202 186 151
215 123 122
204 186 68
211 211 206
215 123 122
233 158 149
147 156 160
185 204 130
185 151 74
236 218 137
101 37 46
206 216 171
224 243 246
89 122 161
110 140 172
144 119 128
124 79 57
111 111 111
202 198 186
199 197 186
176 175 173
191 187 168
208 207 205
127 180 182
211 204 210
119 119 119
211 174 123
190 99 11
199 178 135
153 154 162
184 220 225
114 114 114
209 229 232
126 122 113
215 140 136
121 100 91
158 127 124
83 83 83
173 150 94
123 117 117
192 161 152
163 161 168
110 106 103
151 125 102
178 190 190
196 180 156
171 142 118
143 138 132
157 155 141
175 140 129
110 112 112
195 189 185
173 167 147
203 134 85
140 126 122
146 157 174
192 202 193
98 157 159
202 190 173
114 93 122
113 108 112
146 158 147
151 210 219
144 143 143
75 78 90
138 125 103
144 118 93
179 166 157
170 158 162
184 122 40
174 163 132
129 129 129
